Base xyz: ( -0.057523 -0.706009 0.411622 ) rpy: ( -2.892226 0.041300 0.025547 ) xyzw: ( 0.991977 0.010104 -0.022075 -0.124062 )

effector_camera: 
  translation: 
    x: -0.0575225183158
    y: -0.706008589614
    z: 0.411621786877
  rotation: 
    x: -0.991977408658
    y: -0.010103791474
    z: 0.0220746661165
    w: 0.124062255448
